H    S
     35.52322122             0.00916359628    
      6.513143725            0.04936149294    
      1.822142904            0.16853830490    
      0.625955266            0.37056279970    
      0.243076747            0.41649152980    
      0.100112428            0.13033408410    
He    S
     65.98456824             0.00916359628    
     12.09819836             0.04936149294    
      3.384639924            0.16853830490    
      1.162715163            0.37056279970    
      0.451516322            0.41649152980    
      0.185959356            0.13033408410  