1.023634578316426680e+00
-1.368546772136142731e-01
-7.487254595466792673e-03
2.541416168170363964e-18
-4.327182979264877576e-18
1.902788464911209232e-02
1.902788464911181476e-02
-1.368546772136142176e-01
1.157863156453603048e+00
7.216004880413760814e-02
7.160003589949785621e-19
-1.920900512318955900e-16
-2.223325189673947266e-01
-2.223325189673942548e-01
-7.487254595466841245e-03
7.216004880413762201e-02
1.038305038044171402e+00
1.411096954955336223e-16
5.969478103089214970e-17
-1.184625436947018828e-01
-1.184625436947016330e-01
2.541416168170166749e-18
7.160003589949785621e-19
1.411096954955338195e-16
1.000000000000000222e+00
-6.359359037021397186e-17
-7.114681420981331689e-17
1.260105611622112055e-20
-4.327182979264815947e-18
-1.920900512318955900e-16
5.969478103089213737e-17
-6.359359037021399651e-17
1.073314732208800582e+00
1.757582773155406952e-01
-1.757582773155409728e-01
1.902788464911210620e-02
-2.223325189673947822e-01
-1.184625436947018690e-01
-7.114681420981331689e-17
1.757582773155406397e-01
1.129723381956502903e+00
-6.259749713389597958e-02
1.902788464911184252e-02
-2.223325189673942548e-01
-1.184625436947016330e-01
1.260105611621842424e-20
-1.757582773155409728e-01
-6.259749713389595183e-02
1.129723381956502903e+00
