-1.001543579794226257e+00
2.336244581282767852e-01
1.453915113303061446e-16
-8.568420754976907583e-02
-1.302215533784322690e-14
-4.822260138059147189e-02
5.030698080332740574e-17
7.189330814032973693e-03
-1.057938756177046136e+00
-1.334869714764153059e-15
3.601104636286506233e-01
5.485688488011330409e-14
4.631211699526410763e-01
6.938893903907228378e-16
2.671298773859427178e-04
-4.272842403840553249e-01
-1.178354289144145639e-14
-9.399424752441688513e-01
-1.452996955731594064e-13
2.129400900790031637e-01
3.330669073875469621e-16
-2.910277713188608499e-18
-1.139331434389352491e-15
-1.022217086573257652e-14
-1.547420585727212472e-13
1.000000000000000444e+00
-3.506063458444762488e-16
-2.388883790381045842e-18
9.237402509576497778e-17
5.405398351143730906e-15
-1.061070225452450000e+00
1.071820583675719973e-14
-1.067869298314408899e-14
4.302114220422481594e-16
-2.965070574616897603e-01
-1.821348488717854357e-03
1.492532879594472561e-01
-1.377209771277472794e-01
3.785789357173831304e-02
4.037081348862365813e-15
-7.807002813434402722e-01
-8.501402495243708390e-01
-1.821348488717412437e-03
1.492532879594435369e-01
1.377209771277507211e-01
3.785789357173546810e-02
6.702860007669873128e-15
-7.807002813434453792e-01
8.501402495243661761e-01
