4.785065404705503234e+00
7.413803519734079028e-01
4.291755915065780540e-17
0.000000000000000000e+00
0.000000000000000000e+00
1.217853248637984637e-01
1.217853248637984637e-01
7.413803519734077918e-01
1.118946866342470425e+00
1.527970728283226182e-17
0.000000000000000000e+00
0.000000000000000000e+00
3.133340853222092437e-01
3.133340853222092437e-01
4.291755915065780540e-17
1.527970728283226182e-17
1.115813812152427031e+00
0.000000000000000000e+00
0.000000000000000000e+00
1.433960324468583902e-01
1.433960324468583902e-01
0.000000000000000000e+00
0.000000000000000000e+00
0.000000000000000000e+00
1.115813812152427031e+00
0.000000000000000000e+00
0.000000000000000000e+00
0.000000000000000000e+00
0.000000000000000000e+00
0.000000000000000000e+00
0.000000000000000000e+00
0.000000000000000000e+00
1.115813812152427031e+00
-1.835385518200434996e-01
1.835385518200434996e-01
1.217853248637984775e-01
3.133340853222091882e-01
1.433960324468583902e-01
0.000000000000000000e+00
-1.835385518200434996e-01
4.707232938531984434e-01
1.058644174502050006e-01
1.217853248637984775e-01
3.133340853222091882e-01
1.433960324468583902e-01
0.000000000000000000e+00
1.835385518200434996e-01
1.058644174502050006e-01
4.707232938531984434e-01
7.413803519734079028e-01
1.368733853543883106e-01
5.140063526065857310e-18
0.000000000000000000e+00
0.000000000000000000e+00
2.230923157610224805e-02
2.230923157610224805e-02
1.368733853543883106e-01
2.566333947309737407e-01
4.629587015168605553e-19
0.000000000000000000e+00
0.000000000000000000e+00
7.284009844129601952e-02
7.284009844129601952e-02
5.140063526065857310e-18
4.629587015168605553e-19
2.566839858101028771e-01
0.000000000000000000e+00
0.000000000000000000e+00
3.374976727254708209e-02
3.374976727254708209e-02
0.000000000000000000e+00
0.000000000000000000e+00
0.000000000000000000e+00
2.566839858101028771e-01
0.000000000000000000e+00
0.000000000000000000e+00
0.000000000000000000e+00
0.000000000000000000e+00
0.000000000000000000e+00
0.000000000000000000e+00
0.000000000000000000e+00
2.566839858101028771e-01
-4.319773220896042792e-02
4.319773220896042792e-02
2.230923157610224805e-02
7.284009844129601952e-02
3.374976727254708209e-02
0.000000000000000000e+00
-4.319773220896042792e-02
1.111917993079557243e-01
2.484760767382717533e-02
2.230923157610224805e-02
7.284009844129601952e-02
3.374976727254708209e-02
0.000000000000000000e+00
4.319773220896042792e-02
2.484760767382717533e-02
1.111917993079557243e-01
4.291755915065780540e-17
5.140063526065857310e-18
2.447741225809925772e-02
0.000000000000000000e+00
0.000000000000000000e+00
6.307982812514445654e-04
6.307982812514445654e-04
5.140063526065858851e-18
8.731206784594808963e-18
3.780860741636096062e-02
0.000000000000000000e+00
0.000000000000000000e+00
3.372937155042237626e-03
3.372937155042237626e-03
2.447741225809925772e-02
3.780860741636096062e-02
9.852481799945199613e-18
0.000000000000000000e+00
0.000000000000000000e+00
8.774612693547791456e-03
8.774612693547791456e-03
0.000000000000000000e+00
0.000000000000000000e+00
0.000000000000000000e+00
9.372166405151300089e-18
0.000000000000000000e+00
0.000000000000000000e+00
0.000000000000000000e+00
0.000000000000000000e+00
0.000000000000000000e+00
0.000000000000000000e+00
0.000000000000000000e+00
9.372166405151300089e-18
-1.744920642724561788e-03
1.744920642724561788e-03
6.307982812514444570e-04
3.372937155042237626e-03
8.774612693547791456e-03
0.000000000000000000e+00
-1.744920642724561788e-03
6.340467842811296252e-03
1.780484644803471397e-03
6.307982812514444570e-04
3.372937155042237626e-03
8.774612693547791456e-03
0.000000000000000000e+00
1.744920642724561788e-03
1.780484644803471397e-03
6.340467842811296252e-03
0.000000000000000000e+00
0.000000000000000000e+00
0.000000000000000000e+00
2.447741225809925772e-02
0.000000000000000000e+00
0.000000000000000000e+00
0.000000000000000000e+00
0.000000000000000000e+00
0.000000000000000000e+00
0.000000000000000000e+00
3.780860741636096062e-02
0.000000000000000000e+00
0.000000000000000000e+00
0.000000000000000000e+00
0.000000000000000000e+00
0.000000000000000000e+00
0.000000000000000000e+00
2.401576973969527954e-19
0.000000000000000000e+00
0.000000000000000000e+00
0.000000000000000000e+00
2.447741225809925772e-02
3.780860741636096062e-02
2.401576973969527954e-19
0.000000000000000000e+00
0.000000000000000000e+00
7.411331275992227505e-03
7.411331275992227505e-03
0.000000000000000000e+00
0.000000000000000000e+00
0.000000000000000000e+00
0.000000000000000000e+00
0.000000000000000000e+00
0.000000000000000000e+00
0.000000000000000000e+00
0.000000000000000000e+00
0.000000000000000000e+00
0.000000000000000000e+00
7.411331275992227505e-03
0.000000000000000000e+00
0.000000000000000000e+00
0.000000000000000000e+00
0.000000000000000000e+00
0.000000000000000000e+00
0.000000000000000000e+00
7.411331275992227505e-03
0.000000000000000000e+00
0.000000000000000000e+00
0.000000000000000000e+00
0.000000000000000000e+00
0.000000000000000000e+00
0.000000000000000000e+00
0.000000000000000000e+00
2.447741225809925772e-02
-8.073849816895615301e-04
8.073849816895615301e-04
0.000000000000000000e+00
0.000000000000000000e+00
0.000000000000000000e+00
0.000000000000000000e+00
3.780860741636096062e-02
-4.317162687509435055e-03
4.317162687509435055e-03
0.000000000000000000e+00
0.000000000000000000e+00
0.000000000000000000e+00
0.000000000000000000e+00
2.401576973969527954e-19
-1.744920642724560053e-03
1.744920642724560053e-03
0.000000000000000000e+00
0.000000000000000000e+00
0.000000000000000000e+00
0.000000000000000000e+00
0.000000000000000000e+00
0.000000000000000000e+00
0.000000000000000000e+00
2.447741225809925772e-02
3.780860741636096062e-02
2.401576973969527954e-19
0.000000000000000000e+00
0.000000000000000000e+00
9.644727851488498274e-03
9.644727851488498274e-03
-8.073849816895616385e-04
-4.317162687509434188e-03
-1.744920642724560053e-03
0.000000000000000000e+00
9.644727851488498274e-03
-8.115428759595607819e-03
0.000000000000000000e+00
8.073849816895616385e-04
4.317162687509434188e-03
1.744920642724560053e-03
0.000000000000000000e+00
9.644727851488498274e-03
0.000000000000000000e+00
8.115428759595607819e-03
1.217853248637984637e-01
2.230923157610224805e-02
6.307982812514445654e-04
0.000000000000000000e+00
-8.073849816895615301e-04
3.683106477632331916e-03
3.626345580010017881e-03
2.230923157610224805e-02
4.161161397159063302e-02
1.186860927533646545e-03
0.000000000000000000e+00
-1.519112712773605092e-03
1.212161315367730856e-02
1.173808188405640711e-02
6.307982812514445654e-04
1.186860927533646545e-03
4.162517612304235393e-02
0.000000000000000000e+00
-1.218486865439652629e-04
5.849984876016017452e-03
5.670570277520299921e-03
0.000000000000000000e+00
0.000000000000000000e+00
0.000000000000000000e+00
4.152997749563682589e-02
0.000000000000000000e+00
0.000000000000000000e+00
0.000000000000000000e+00
-8.073849816895615301e-04
-1.519112712773605092e-03
-1.218486865439652629e-04
0.000000000000000000e+00
4.168593670237249332e-02
-7.487639190512761743e-03
6.661609785430712416e-03
3.683106477632332350e-03
1.212161315367730856e-02
5.849984876016017452e-03
0.000000000000000000e+00
-7.487639190512761743e-03
1.864108034713925222e-02
4.091765607313311431e-03
3.626345580010017881e-03
1.173808188405640884e-02
5.670570277520299921e-03
0.000000000000000000e+00
6.661609785430712416e-03
4.091765607313311431e-03
1.789092561139949550e-02
1.217853248637984637e-01
2.230923157610224805e-02
6.307982812514445654e-04
0.000000000000000000e+00
8.073849816895615301e-04
3.626345580010017881e-03
3.683106477632331916e-03
2.230923157610224805e-02
4.161161397159063302e-02
1.186860927533646545e-03
0.000000000000000000e+00
1.519112712773605092e-03
1.173808188405640711e-02
1.212161315367730856e-02
6.307982812514445654e-04
1.186860927533646545e-03
4.162517612304235393e-02
0.000000000000000000e+00
1.218486865439652629e-04
5.670570277520299921e-03
5.849984876016017452e-03
0.000000000000000000e+00
0.000000000000000000e+00
0.000000000000000000e+00
4.152997749563682589e-02
0.000000000000000000e+00
0.000000000000000000e+00
0.000000000000000000e+00
8.073849816895615301e-04
1.519112712773605092e-03
1.218486865439652629e-04
0.000000000000000000e+00
4.168593670237249332e-02
-6.661609785430712416e-03
7.487639190512761743e-03
3.626345580010017881e-03
1.173808188405640884e-02
5.670570277520299921e-03
0.000000000000000000e+00
-6.661609785430712416e-03
1.789092561139949550e-02
4.091765607313311431e-03
3.683106477632332350e-03
1.212161315367730856e-02
5.849984876016017452e-03
0.000000000000000000e+00
7.487639190512761743e-03
4.091765607313311431e-03
1.864108034713925222e-02
7.413803519734077918e-01
1.368733853543883106e-01
5.140063526065858851e-18
0.000000000000000000e+00
0.000000000000000000e+00
2.230923157610224805e-02
2.230923157610224805e-02
1.368733853543883106e-01
2.566333947309737407e-01
4.629587015168605553e-19
0.000000000000000000e+00
0.000000000000000000e+00
7.284009844129601952e-02
7.284009844129601952e-02
5.140063526065858851e-18
4.629587015168605553e-19
2.566839858101028771e-01
0.000000000000000000e+00
0.000000000000000000e+00
3.374976727254708209e-02
3.374976727254708209e-02
0.000000000000000000e+00
0.000000000000000000e+00
0.000000000000000000e+00
2.566839858101028771e-01
0.000000000000000000e+00
0.000000000000000000e+00
0.000000000000000000e+00
0.000000000000000000e+00
0.000000000000000000e+00
0.000000000000000000e+00
0.000000000000000000e+00
2.566839858101028771e-01
-4.319773220896041405e-02
4.319773220896041405e-02
2.230923157610224805e-02
7.284009844129601952e-02
3.374976727254708209e-02
0.000000000000000000e+00
-4.319773220896041405e-02
1.111917993079557243e-01
2.484760767382717533e-02
2.230923157610224805e-02
7.284009844129601952e-02
3.374976727254708209e-02
0.000000000000000000e+00
4.319773220896041405e-02
2.484760767382717533e-02
1.111917993079557243e-01
1.118946866342470425e+00
2.566333947309736851e-01
8.731206784594808963e-18
0.000000000000000000e+00
0.000000000000000000e+00
4.161161397159063302e-02
4.161161397159063302e-02
2.566333947309736851e-01
8.172063215260580993e-01
1.754994567307708125e-18
0.000000000000000000e+00
0.000000000000000000e+00
2.588844533582230767e-01
2.588844533582230767e-01
8.731206784594808963e-18
1.754994567307708125e-18
8.170226053209140860e-01
0.000000000000000000e+00
0.000000000000000000e+00
1.280608666397757001e-01
1.280608666397757001e-01
0.000000000000000000e+00
0.000000000000000000e+00
0.000000000000000000e+00
8.170226053209140860e-01
0.000000000000000000e+00
0.000000000000000000e+00
0.000000000000000000e+00
0.000000000000000000e+00
0.000000000000000000e+00
0.000000000000000000e+00
0.000000000000000000e+00
8.170226053209140860e-01
-1.639104346669746082e-01
1.639104346669746082e-01
4.161161397159063302e-02
2.588844533582230767e-01
1.280608666397757001e-01
0.000000000000000000e+00
-1.639104346669746082e-01
4.546606353296092640e-01
9.619306430684818054e-02
4.161161397159063302e-02
2.588844533582230767e-01
1.280608666397757001e-01
0.000000000000000000e+00
1.639104346669746082e-01
9.619306430684818054e-02
4.546606353296092640e-01
1.527970728283226182e-17
4.629587015168605553e-19
3.780860741636096062e-02
0.000000000000000000e+00
0.000000000000000000e+00
1.186860927533646545e-03
1.186860927533646545e-03
4.629587015168605553e-19
1.754994567307708125e-18
1.805183921046319973e-01
0.000000000000000000e+00
0.000000000000000000e+00
2.638759894284222612e-02
2.638759894284222612e-02
3.780860741636096062e-02
1.805183921046319973e-01
4.497134039895239069e-18
0.000000000000000000e+00
0.000000000000000000e+00
5.617834562901332512e-02
5.617834562901332512e-02
0.000000000000000000e+00
0.000000000000000000e+00
0.000000000000000000e+00
3.987599109948829860e-18
0.000000000000000000e+00
0.000000000000000000e+00
0.000000000000000000e+00
0.000000000000000000e+00
0.000000000000000000e+00
0.000000000000000000e+00
0.000000000000000000e+00
3.987599109948829860e-18
-1.570975508873897336e-02
1.570975508873897336e-02
1.186860927533646545e-03
2.638759894284222959e-02
5.617834562901332512e-02
0.000000000000000000e+00
-1.570975508873897336e-02
6.941740980955131424e-02
1.673836992162141754e-02
1.186860927533646545e-03
2.638759894284222959e-02
5.617834562901332512e-02
0.000000000000000000e+00
1.570975508873897336e-02
1.673836992162141754e-02
6.941740980955131424e-02
0.000000000000000000e+00
0.000000000000000000e+00
0.000000000000000000e+00
3.780860741636096062e-02
0.000000000000000000e+00
0.000000000000000000e+00
0.000000000000000000e+00
0.000000000000000000e+00
0.000000000000000000e+00
0.000000000000000000e+00
1.805183921046319973e-01
0.000000000000000000e+00
0.000000000000000000e+00
0.000000000000000000e+00
0.000000000000000000e+00
0.000000000000000000e+00
0.000000000000000000e+00
2.547674649732060969e-19
0.000000000000000000e+00
0.000000000000000000e+00
0.000000000000000000e+00
3.780860741636096062e-02
1.805183921046319973e-01
2.547674649732060969e-19
0.000000000000000000e+00
0.000000000000000000e+00
4.390453978224081316e-02
4.390453978224081316e-02
0.000000000000000000e+00
0.000000000000000000e+00
0.000000000000000000e+00
0.000000000000000000e+00
0.000000000000000000e+00
0.000000000000000000e+00
0.000000000000000000e+00
0.000000000000000000e+00
0.000000000000000000e+00
0.000000000000000000e+00
4.390453978224081316e-02
0.000000000000000000e+00
0.000000000000000000e+00
0.000000000000000000e+00
0.000000000000000000e+00
0.000000000000000000e+00
0.000000000000000000e+00
4.390453978224081316e-02
0.000000000000000000e+00
0.000000000000000000e+00
0.000000000000000000e+00
0.000000000000000000e+00
0.000000000000000000e+00
0.000000000000000000e+00
0.000000000000000000e+00
3.780860741636096062e-02
-1.519112712773605092e-03
1.519112712773605092e-03
0.000000000000000000e+00
0.000000000000000000e+00
0.000000000000000000e+00
0.000000000000000000e+00
1.805183921046319973e-01
-3.377458646055781638e-02
3.377458646055781638e-02
0.000000000000000000e+00
0.000000000000000000e+00
0.000000000000000000e+00
0.000000000000000000e+00
2.547674649732060969e-19
-1.570975508873897336e-02
1.570975508873897336e-02
0.000000000000000000e+00
0.000000000000000000e+00
0.000000000000000000e+00
0.000000000000000000e+00
0.000000000000000000e+00
0.000000000000000000e+00
0.000000000000000000e+00
3.780860741636096062e-02
1.805183921046319973e-01
2.547674649732060969e-19
0.000000000000000000e+00
0.000000000000000000e+00
6.401210935187487405e-02
6.401210935187487405e-02
-1.519112712773604875e-03
-3.377458646055781638e-02
-1.570975508873897336e-02
0.000000000000000000e+00
6.401210935187487405e-02
-8.885023281425290242e-02
7.589415207398531038e-19
1.519112712773604875e-03
3.377458646055781638e-02
1.570975508873897336e-02
0.000000000000000000e+00
6.401210935187487405e-02
-7.589415207398531038e-19
8.885023281425290242e-02
3.133340853222092437e-01
7.284009844129601952e-02
3.372937155042237626e-03
0.000000000000000000e+00
-4.317162687509435055e-03
1.212161315367730856e-02
1.173808188405640884e-02
7.284009844129601952e-02
2.588844533582230767e-01
2.638759894284222612e-02
0.000000000000000000e+00
-3.377458646055781638e-02
1.038165329883784793e-01
8.280528836057908515e-02
3.372937155042237626e-03
2.638759894284222612e-02
2.594094016005071279e-01
0.000000000000000000e+00
-6.469354711911790880e-03
6.240612901610800844e-02
4.836074510212867023e-02
0.000000000000000000e+00
0.000000000000000000e+00
0.000000000000000000e+00
2.543549877513169299e-01
0.000000000000000000e+00
0.000000000000000000e+00
0.000000000000000000e+00
-4.317162687509435055e-03
-3.377458646055781638e-02
-6.469354711911790880e-03
0.000000000000000000e+00
2.626353841805172951e-01
-7.987620263172910684e-02
4.424167998605485486e-02
1.212161315367730856e-02
1.038165329883784793e-01
6.240612901610800844e-02
0.000000000000000000e+00
-7.987620263172910684e-02
2.354209129369583264e-01
3.841547271868137742e-02
1.173808188405641058e-02
8.280528836057907127e-02
4.836074510212867023e-02
0.000000000000000000e+00
4.424167998605485486e-02
3.841547271868137742e-02
1.519245580997007072e-01
3.133340853222092437e-01
7.284009844129601952e-02
3.372937155042237626e-03
0.000000000000000000e+00
4.317162687509435055e-03
1.173808188405640884e-02
1.212161315367730856e-02
7.284009844129601952e-02
2.588844533582230767e-01
2.638759894284222612e-02
0.000000000000000000e+00
3.377458646055781638e-02
8.280528836057908515e-02
1.038165329883784793e-01
3.372937155042237626e-03
2.638759894284222612e-02
2.594094016005071279e-01
0.000000000000000000e+00
6.469354711911790880e-03
4.836074510212867023e-02
6.240612901610800844e-02
0.000000000000000000e+00
0.000000000000000000e+00
0.000000000000000000e+00
2.543549877513169299e-01
0.000000000000000000e+00
0.000000000000000000e+00
0.000000000000000000e+00
4.317162687509435055e-03
3.377458646055781638e-02
6.469354711911790880e-03
0.000000000000000000e+00
2.626353841805172951e-01
-4.424167998605485486e-02
7.987620263172910684e-02
1.173808188405641058e-02
8.280528836057907127e-02
4.836074510212867023e-02
0.000000000000000000e+00
-4.424167998605485486e-02
1.519245580997007072e-01
3.841547271868137742e-02
1.212161315367730856e-02
1.038165329883784793e-01
6.240612901610800844e-02
0.000000000000000000e+00
7.987620263172910684e-02
3.841547271868137742e-02
2.354209129369583264e-01
4.291755915065780540e-17
5.140063526065857310e-18
2.447741225809925772e-02
0.000000000000000000e+00
0.000000000000000000e+00
6.307982812514445654e-04
6.307982812514445654e-04
5.140063526065858851e-18
8.731206784594808963e-18
3.780860741636096062e-02
0.000000000000000000e+00
0.000000000000000000e+00
3.372937155042237626e-03
3.372937155042237626e-03
2.447741225809925772e-02
3.780860741636096062e-02
9.852481799945199613e-18
0.000000000000000000e+00
0.000000000000000000e+00
8.774612693547791456e-03
8.774612693547791456e-03
0.000000000000000000e+00
0.000000000000000000e+00
0.000000000000000000e+00
9.372166405151300089e-18
0.000000000000000000e+00
0.000000000000000000e+00
0.000000000000000000e+00
0.000000000000000000e+00
0.000000000000000000e+00
0.000000000000000000e+00
0.000000000000000000e+00
9.372166405151300089e-18
-1.744920642724561788e-03
1.744920642724561788e-03
6.307982812514444570e-04
3.372937155042237626e-03
8.774612693547791456e-03
0.000000000000000000e+00
-1.744920642724561788e-03
6.340467842811296252e-03
1.780484644803471397e-03
6.307982812514444570e-04
3.372937155042237626e-03
8.774612693547791456e-03
0.000000000000000000e+00
1.744920642724561788e-03
1.780484644803471397e-03
6.340467842811296252e-03
1.527970728283226182e-17
4.629587015168605553e-19
3.780860741636096062e-02
0.000000000000000000e+00
0.000000000000000000e+00
1.186860927533646545e-03
1.186860927533646545e-03
4.629587015168605553e-19
1.754994567307708125e-18
1.805183921046319973e-01
0.000000000000000000e+00
0.000000000000000000e+00
2.638759894284222612e-02
2.638759894284222612e-02
3.780860741636096062e-02
1.805183921046319973e-01
4.497134039895239069e-18
0.000000000000000000e+00
0.000000000000000000e+00
5.617834562901332512e-02
5.617834562901332512e-02
0.000000000000000000e+00
0.000000000000000000e+00
0.000000000000000000e+00
3.987599109948829860e-18
0.000000000000000000e+00
0.000000000000000000e+00
0.000000000000000000e+00
0.000000000000000000e+00
0.000000000000000000e+00
0.000000000000000000e+00
0.000000000000000000e+00
3.987599109948829860e-18
-1.570975508873897336e-02
1.570975508873897336e-02
1.186860927533646545e-03
2.638759894284222959e-02
5.617834562901332512e-02
0.000000000000000000e+00
-1.570975508873897336e-02
6.941740980955131424e-02
1.673836992162141754e-02
1.186860927533646545e-03
2.638759894284222959e-02
5.617834562901332512e-02
0.000000000000000000e+00
1.570975508873897336e-02
1.673836992162141754e-02
6.941740980955131424e-02
1.115813812152427031e+00
2.566839858101028771e-01
9.852481799945199613e-18
0.000000000000000000e+00
0.000000000000000000e+00
4.162517612304235393e-02
4.162517612304235393e-02
2.566839858101028771e-01
8.170226053209140860e-01
4.497134039895239069e-18
0.000000000000000000e+00
0.000000000000000000e+00
2.594094016005071279e-01
2.594094016005071279e-01
9.852481799945199613e-18
4.497134039895239069e-18
8.801590933750446100e-01
0.000000000000000000e+00
0.000000000000000000e+00
1.354977211726743624e-01
1.354977211726743624e-01
0.000000000000000000e+00
0.000000000000000000e+00
0.000000000000000000e+00
7.852702031382772230e-01
0.000000000000000000e+00
0.000000000000000000e+00
0.000000000000000000e+00
0.000000000000000000e+00
0.000000000000000000e+00
0.000000000000000000e+00
0.000000000000000000e+00
7.852702031382772230e-01
-1.596061812623200682e-01
1.596061812623200682e-01
4.162517612304236780e-02
2.594094016005070724e-01
1.354977211726743624e-01
0.000000000000000000e+00
-1.596061812623200682e-01
4.569008819230879759e-01
9.876232753330500824e-02
4.162517612304236780e-02
2.594094016005070724e-01
1.354977211726743624e-01
0.000000000000000000e+00
1.596061812623200682e-01
9.876232753330500824e-02
4.569008819230879759e-01
0.000000000000000000e+00
0.000000000000000000e+00
0.000000000000000000e+00
2.401576973969527954e-19
0.000000000000000000e+00
0.000000000000000000e+00
0.000000000000000000e+00
0.000000000000000000e+00
0.000000000000000000e+00
0.000000000000000000e+00
2.547674649732060969e-19
0.000000000000000000e+00
0.000000000000000000e+00
0.000000000000000000e+00
0.000000000000000000e+00
0.000000000000000000e+00
0.000000000000000000e+00
4.744444511838412371e-02
0.000000000000000000e+00
0.000000000000000000e+00
0.000000000000000000e+00
2.401576973969527954e-19
2.547674649732060969e-19
4.744444511838412371e-02
0.000000000000000000e+00
0.000000000000000000e+00
5.399852925398913005e-03
5.399852925398913005e-03
0.000000000000000000e+00
0.000000000000000000e+00
0.000000000000000000e+00
0.000000000000000000e+00
0.000000000000000000e+00
0.000000000000000000e+00
0.000000000000000000e+00
0.000000000000000000e+00
0.000000000000000000e+00
0.000000000000000000e+00
5.399852925398913005e-03
0.000000000000000000e+00
0.000000000000000000e+00
0.000000000000000000e+00
0.000000000000000000e+00
0.000000000000000000e+00
0.000000000000000000e+00
5.399852925398913005e-03
0.000000000000000000e+00
0.000000000000000000e+00
0.000000000000000000e+00
0.000000000000000000e+00
0.000000000000000000e+00
0.000000000000000000e+00
0.000000000000000000e+00
2.401576973969527954e-19
-1.218486865439652629e-04
1.218486865439652629e-04
0.000000000000000000e+00
0.000000000000000000e+00
0.000000000000000000e+00
0.000000000000000000e+00
2.547674649732060969e-19
-6.469354711911790880e-03
6.469354711911790880e-03
0.000000000000000000e+00
0.000000000000000000e+00
0.000000000000000000e+00
0.000000000000000000e+00
4.744444511838412371e-02
-9.945151800284041457e-03
9.945151800284041457e-03
0.000000000000000000e+00
0.000000000000000000e+00
0.000000000000000000e+00
0.000000000000000000e+00
0.000000000000000000e+00
0.000000000000000000e+00
0.000000000000000000e+00
2.401576973969527954e-19
2.547674649732060969e-19
4.744444511838412371e-02
0.000000000000000000e+00
0.000000000000000000e+00
9.282754556279356611e-03
9.282754556279356611e-03
-1.218486865439652494e-04
-6.469354711911793482e-03
-9.945151800284041457e-03
0.000000000000000000e+00
9.282754556279356611e-03
-2.579171445200737628e-02
-1.626303258728256651e-19
1.218486865439652494e-04
6.469354711911793482e-03
9.945151800284041457e-03
0.000000000000000000e+00
9.282754556279356611e-03
1.626303258728256651e-19
2.579171445200737628e-02
1.433960324468583902e-01
3.374976727254708209e-02
8.774612693547794925e-03
0.000000000000000000e+00
-1.744920642724560053e-03
5.849984876016017452e-03
5.670570277520299921e-03
3.374976727254708209e-02
1.280608666397757001e-01
5.617834562901335982e-02
0.000000000000000000e+00
-1.570975508873897336e-02
6.240612901610800844e-02
4.836074510212867023e-02
8.774612693547794925e-03
5.617834562901335982e-02
1.354977211726743624e-01
0.000000000000000000e+00
-9.945151800284041457e-03
5.143679222397690154e-02
3.885786117332194756e-02
0.000000000000000000e+00
0.000000000000000000e+00
0.000000000000000000e+00
1.223278640922861316e-01
0.000000000000000000e+00
0.000000000000000000e+00
0.000000000000000000e+00
-1.744920642724560053e-03
-1.570975508873897336e-02
-9.945151800284041457e-03
0.000000000000000000e+00
1.262107657231665847e-01
-4.746038900839202879e-02
2.532014545956347285e-02
5.849984876016017452e-03
6.240612901610802232e-02
5.143679222397690154e-02
0.000000000000000000e+00
-4.746038900839202879e-02
1.614839375795802667e-01
2.597444252567932682e-02
5.670570277520299921e-03
4.836074510212866329e-02
3.885786117332194756e-02
0.000000000000000000e+00
2.532014545956347285e-02
2.597444252567932682e-02
9.675215931228593746e-02
1.433960324468583902e-01
3.374976727254708209e-02
8.774612693547794925e-03
0.000000000000000000e+00
1.744920642724560053e-03
5.670570277520299921e-03
5.849984876016017452e-03
3.374976727254708209e-02
1.280608666397757001e-01
5.617834562901335982e-02
0.000000000000000000e+00
1.570975508873897336e-02
4.836074510212867023e-02
6.240612901610800844e-02
8.774612693547794925e-03
5.617834562901335982e-02
1.354977211726743624e-01
0.000000000000000000e+00
9.945151800284041457e-03
3.885786117332194756e-02
5.143679222397690154e-02
0.000000000000000000e+00
0.000000000000000000e+00
0.000000000000000000e+00
1.223278640922861316e-01
0.000000000000000000e+00
0.000000000000000000e+00
0.000000000000000000e+00
1.744920642724560053e-03
1.570975508873897336e-02
9.945151800284041457e-03
0.000000000000000000e+00
1.262107657231665847e-01
-2.532014545956347285e-02
4.746038900839202879e-02
5.670570277520299921e-03
4.836074510212866329e-02
3.885786117332194756e-02
0.000000000000000000e+00
-2.532014545956347285e-02
9.675215931228593746e-02
2.597444252567932682e-02
5.849984876016017452e-03
6.240612901610802232e-02
5.143679222397690154e-02
0.000000000000000000e+00
4.746038900839202879e-02
2.597444252567932682e-02
1.614839375795802667e-01
0.000000000000000000e+00
0.000000000000000000e+00
0.000000000000000000e+00
2.447741225809925772e-02
0.000000000000000000e+00
0.000000000000000000e+00
0.000000000000000000e+00
0.000000000000000000e+00
0.000000000000000000e+00
0.000000000000000000e+00
3.780860741636096062e-02
0.000000000000000000e+00
0.000000000000000000e+00
0.000000000000000000e+00
0.000000000000000000e+00
0.000000000000000000e+00
0.000000000000000000e+00
2.401576973969527954e-19
0.000000000000000000e+00
0.000000000000000000e+00
0.000000000000000000e+00
2.447741225809925772e-02
3.780860741636096062e-02
2.401576973969527954e-19
0.000000000000000000e+00
0.000000000000000000e+00
7.411331275992227505e-03
7.411331275992227505e-03
0.000000000000000000e+00
0.000000000000000000e+00
0.000000000000000000e+00
0.000000000000000000e+00
0.000000000000000000e+00
0.000000000000000000e+00
0.000000000000000000e+00
0.000000000000000000e+00
0.000000000000000000e+00
0.000000000000000000e+00
7.411331275992227505e-03
0.000000000000000000e+00
0.000000000000000000e+00
0.000000000000000000e+00
0.000000000000000000e+00
0.000000000000000000e+00
0.000000000000000000e+00
7.411331275992227505e-03
0.000000000000000000e+00
0.000000000000000000e+00
0.000000000000000000e+00
0.000000000000000000e+00
0.000000000000000000e+00
0.000000000000000000e+00
3.780860741636096062e-02
0.000000000000000000e+00
0.000000000000000000e+00
0.000000000000000000e+00
0.000000000000000000e+00
0.000000000000000000e+00
0.000000000000000000e+00
1.805183921046319973e-01
0.000000000000000000e+00
0.000000000000000000e+00
0.000000000000000000e+00
0.000000000000000000e+00
0.000000000000000000e+00
0.000000000000000000e+00
2.547674649732060969e-19
0.000000000000000000e+00
0.000000000000000000e+00
0.000000000000000000e+00
3.780860741636096062e-02
1.805183921046319973e-01
2.547674649732060969e-19
0.000000000000000000e+00
0.000000000000000000e+00
4.390453978224081316e-02
4.390453978224081316e-02
0.000000000000000000e+00
0.000000000000000000e+00
0.000000000000000000e+00
0.000000000000000000e+00
0.000000000000000000e+00
0.000000000000000000e+00
0.000000000000000000e+00
0.000000000000000000e+00
0.000000000000000000e+00
0.000000000000000000e+00
4.390453978224081316e-02
0.000000000000000000e+00
0.000000000000000000e+00
0.000000000000000000e+00
0.000000000000000000e+00
0.000000000000000000e+00
0.000000000000000000e+00
4.390453978224081316e-02
0.000000000000000000e+00
0.000000000000000000e+00
0.000000000000000000e+00
0.000000000000000000e+00
0.000000000000000000e+00
0.000000000000000000e+00
2.401576973969527954e-19
0.000000000000000000e+00
0.000000000000000000e+00
0.000000000000000000e+00
0.000000000000000000e+00
0.000000000000000000e+00
0.000000000000000000e+00
2.547674649732060969e-19
0.000000000000000000e+00
0.000000000000000000e+00
0.000000000000000000e+00
0.000000000000000000e+00
0.000000000000000000e+00
0.000000000000000000e+00
4.744444511838412371e-02
0.000000000000000000e+00
0.000000000000000000e+00
0.000000000000000000e+00
2.401576973969527954e-19
2.547674649732060969e-19
4.744444511838412371e-02
0.000000000000000000e+00
0.000000000000000000e+00
5.399852925398913005e-03
5.399852925398913005e-03
0.000000000000000000e+00
0.000000000000000000e+00
0.000000000000000000e+00
0.000000000000000000e+00
0.000000000000000000e+00
0.000000000000000000e+00
0.000000000000000000e+00
0.000000000000000000e+00
0.000000000000000000e+00
0.000000000000000000e+00
5.399852925398913005e-03
0.000000000000000000e+00
0.000000000000000000e+00
0.000000000000000000e+00
0.000000000000000000e+00
0.000000000000000000e+00
0.000000000000000000e+00
5.399852925398913005e-03
0.000000000000000000e+00
0.000000000000000000e+00
0.000000000000000000e+00
1.115813812152427031e+00
2.566839858101028771e-01
9.372166405151300089e-18
0.000000000000000000e+00
0.000000000000000000e+00
4.152997749563682589e-02
4.152997749563682589e-02
2.566839858101028771e-01
8.170226053209140860e-01
3.987599109948829860e-18
0.000000000000000000e+00
0.000000000000000000e+00
2.543549877513169299e-01
2.543549877513169299e-01
9.372166405151300089e-18
3.987599109948829860e-18
7.852702031382772230e-01
0.000000000000000000e+00
0.000000000000000000e+00
1.223278640922861316e-01
1.223278640922861316e-01
0.000000000000000000e+00
0.000000000000000000e+00
0.000000000000000000e+00
8.801590933750446100e-01
0.000000000000000000e+00
0.000000000000000000e+00
0.000000000000000000e+00
0.000000000000000000e+00
0.000000000000000000e+00
0.000000000000000000e+00
0.000000000000000000e+00
7.852702031382772230e-01
-1.565725260289737020e-01
1.565725260289737020e-01
4.152997749563683283e-02
2.543549877513169299e-01
1.223278640922861316e-01
0.000000000000000000e+00
-1.565725260289737020e-01
4.367501861387690365e-01
9.390377006591817122e-02
4.152997749563683283e-02
2.543549877513169299e-01
1.223278640922861316e-01
0.000000000000000000e+00
1.565725260289737020e-01
9.390377006591817122e-02
4.367501861387690365e-01
0.000000000000000000e+00
0.000000000000000000e+00
0.000000000000000000e+00
0.000000000000000000e+00
0.000000000000000000e+00
0.000000000000000000e+00
0.000000000000000000e+00
0.000000000000000000e+00
0.000000000000000000e+00
0.000000000000000000e+00
0.000000000000000000e+00
0.000000000000000000e+00
0.000000000000000000e+00
0.000000000000000000e+00
0.000000000000000000e+00
0.000000000000000000e+00
0.000000000000000000e+00
0.000000000000000000e+00
0.000000000000000000e+00
0.000000000000000000e+00
0.000000000000000000e+00
0.000000000000000000e+00
0.000000000000000000e+00
0.000000000000000000e+00
0.000000000000000000e+00
4.744444511838412371e-02
-6.911496566937655288e-03
6.911496566937655288e-03
0.000000000000000000e+00
0.000000000000000000e+00
0.000000000000000000e+00
4.744444511838412371e-02
0.000000000000000000e+00
0.000000000000000000e+00
0.000000000000000000e+00
0.000000000000000000e+00
0.000000000000000000e+00
0.000000000000000000e+00
-6.911496566937655288e-03
0.000000000000000000e+00
0.000000000000000000e+00
0.000000000000000000e+00
0.000000000000000000e+00
0.000000000000000000e+00
0.000000000000000000e+00
6.911496566937655288e-03
0.000000000000000000e+00
0.000000000000000000e+00
0.000000000000000000e+00
0.000000000000000000e+00
0.000000000000000000e+00
0.000000000000000000e+00
7.411331275992227505e-03
0.000000000000000000e+00
0.000000000000000000e+00
0.000000000000000000e+00
0.000000000000000000e+00
0.000000000000000000e+00
0.000000000000000000e+00
4.390453978224082010e-02
0.000000000000000000e+00
0.000000000000000000e+00
0.000000000000000000e+00
0.000000000000000000e+00
0.000000000000000000e+00
0.000000000000000000e+00
5.399852925398913005e-03
0.000000000000000000e+00
0.000000000000000000e+00
0.000000000000000000e+00
7.411331275992227505e-03
4.390453978224082010e-02
5.399852925398913005e-03
0.000000000000000000e+00
-6.911496566937655288e-03
1.435667246330278243e-02
1.103388859116821892e-02
0.000000000000000000e+00
0.000000000000000000e+00
0.000000000000000000e+00
-6.911496566937655288e-03
0.000000000000000000e+00
0.000000000000000000e+00
0.000000000000000000e+00
0.000000000000000000e+00
0.000000000000000000e+00
0.000000000000000000e+00
1.435667246330278243e-02
0.000000000000000000e+00
0.000000000000000000e+00
0.000000000000000000e+00
0.000000000000000000e+00
0.000000000000000000e+00
0.000000000000000000e+00
1.103388859116821892e-02
0.000000000000000000e+00
0.000000000000000000e+00
0.000000000000000000e+00
0.000000000000000000e+00
0.000000000000000000e+00
0.000000000000000000e+00
7.411331275992227505e-03
0.000000000000000000e+00
0.000000000000000000e+00
0.000000000000000000e+00
0.000000000000000000e+00
0.000000000000000000e+00
0.000000000000000000e+00
4.390453978224082010e-02
0.000000000000000000e+00
0.000000000000000000e+00
0.000000000000000000e+00
0.000000000000000000e+00
0.000000000000000000e+00
0.000000000000000000e+00
5.399852925398913005e-03
0.000000000000000000e+00
0.000000000000000000e+00
0.000000000000000000e+00
7.411331275992227505e-03
4.390453978224082010e-02
5.399852925398913005e-03
0.000000000000000000e+00
6.911496566937655288e-03
1.103388859116821892e-02
1.435667246330278243e-02
0.000000000000000000e+00
0.000000000000000000e+00
0.000000000000000000e+00
6.911496566937655288e-03
0.000000000000000000e+00
0.000000000000000000e+00
0.000000000000000000e+00
0.000000000000000000e+00
0.000000000000000000e+00
0.000000000000000000e+00
1.103388859116821892e-02
0.000000000000000000e+00
0.000000000000000000e+00
0.000000000000000000e+00
0.000000000000000000e+00
0.000000000000000000e+00
0.000000000000000000e+00
1.435667246330278243e-02
0.000000000000000000e+00
0.000000000000000000e+00
0.000000000000000000e+00
0.000000000000000000e+00
0.000000000000000000e+00
0.000000000000000000e+00
0.000000000000000000e+00
2.447741225809925772e-02
-8.073849816895615301e-04
8.073849816895615301e-04
0.000000000000000000e+00
0.000000000000000000e+00
0.000000000000000000e+00
0.000000000000000000e+00
3.780860741636096062e-02
-4.317162687509435055e-03
4.317162687509435055e-03
0.000000000000000000e+00
0.000000000000000000e+00
0.000000000000000000e+00
0.000000000000000000e+00
2.401576973969527954e-19
-1.744920642724560053e-03
1.744920642724560053e-03
0.000000000000000000e+00
0.000000000000000000e+00
0.000000000000000000e+00
0.000000000000000000e+00
0.000000000000000000e+00
0.000000000000000000e+00
0.000000000000000000e+00
2.447741225809925772e-02
3.780860741636096062e-02
2.401576973969527954e-19
0.000000000000000000e+00
0.000000000000000000e+00
9.644727851488498274e-03
9.644727851488498274e-03
-8.073849816895616385e-04
-4.317162687509434188e-03
-1.744920642724560053e-03
0.000000000000000000e+00
9.644727851488498274e-03
-8.115428759595607819e-03
0.000000000000000000e+00
8.073849816895616385e-04
4.317162687509434188e-03
1.744920642724560053e-03
0.000000000000000000e+00
9.644727851488498274e-03
0.000000000000000000e+00
8.115428759595607819e-03
0.000000000000000000e+00
0.000000000000000000e+00
0.000000000000000000e+00
0.000000000000000000e+00
3.780860741636096062e-02
-1.519112712773605092e-03
1.519112712773605092e-03
0.000000000000000000e+00
0.000000000000000000e+00
0.000000000000000000e+00
0.000000000000000000e+00
1.805183921046319973e-01
-3.377458646055781638e-02
3.377458646055781638e-02
0.000000000000000000e+00
0.000000000000000000e+00
0.000000000000000000e+00
0.000000000000000000e+00
2.547674649732060969e-19
-1.570975508873897336e-02
1.570975508873897336e-02
0.000000000000000000e+00
0.000000000000000000e+00
0.000000000000000000e+00
0.000000000000000000e+00
0.000000000000000000e+00
0.000000000000000000e+00
0.000000000000000000e+00
3.780860741636096062e-02
1.805183921046319973e-01
2.547674649732060969e-19
0.000000000000000000e+00
0.000000000000000000e+00
6.401210935187487405e-02
6.401210935187487405e-02
-1.519112712773604875e-03
-3.377458646055781638e-02
-1.570975508873897336e-02
0.000000000000000000e+00
6.401210935187487405e-02
-8.885023281425290242e-02
7.589415207398531038e-19
1.519112712773604875e-03
3.377458646055781638e-02
1.570975508873897336e-02
0.000000000000000000e+00
6.401210935187487405e-02
-7.589415207398531038e-19
8.885023281425290242e-02
0.000000000000000000e+00
0.000000000000000000e+00
0.000000000000000000e+00
0.000000000000000000e+00
2.401576973969527954e-19
-1.218486865439652629e-04
1.218486865439652629e-04
0.000000000000000000e+00
0.000000000000000000e+00
0.000000000000000000e+00
0.000000000000000000e+00
2.547674649732060969e-19
-6.469354711911790880e-03
6.469354711911790880e-03
0.000000000000000000e+00
0.000000000000000000e+00
0.000000000000000000e+00
0.000000000000000000e+00
4.744444511838412371e-02
-9.945151800284041457e-03
9.945151800284041457e-03
0.000000000000000000e+00
0.000000000000000000e+00
0.000000000000000000e+00
0.000000000000000000e+00
0.000000000000000000e+00
0.000000000000000000e+00
0.000000000000000000e+00
2.401576973969527954e-19
2.547674649732060969e-19
4.744444511838412371e-02
0.000000000000000000e+00
0.000000000000000000e+00
9.282754556279356611e-03
9.282754556279356611e-03
-1.218486865439652494e-04
-6.469354711911793482e-03
-9.945151800284041457e-03
0.000000000000000000e+00
9.282754556279356611e-03
-2.579171445200737628e-02
-1.626303258728256651e-19
1.218486865439652494e-04
6.469354711911793482e-03
9.945151800284041457e-03
0.000000000000000000e+00
9.282754556279356611e-03
1.626303258728256651e-19
2.579171445200737628e-02
0.000000000000000000e+00
0.000000000000000000e+00
0.000000000000000000e+00
0.000000000000000000e+00
0.000000000000000000e+00
0.000000000000000000e+00
0.000000000000000000e+00
0.000000000000000000e+00
0.000000000000000000e+00
0.000000000000000000e+00
0.000000000000000000e+00
0.000000000000000000e+00
0.000000000000000000e+00
0.000000000000000000e+00
0.000000000000000000e+00
0.000000000000000000e+00
0.000000000000000000e+00
0.000000000000000000e+00
0.000000000000000000e+00
0.000000000000000000e+00
0.000000000000000000e+00
0.000000000000000000e+00
0.000000000000000000e+00
0.000000000000000000e+00
0.000000000000000000e+00
4.744444511838412371e-02
-6.911496566937655288e-03
6.911496566937655288e-03
0.000000000000000000e+00
0.000000000000000000e+00
0.000000000000000000e+00
4.744444511838412371e-02
0.000000000000000000e+00
0.000000000000000000e+00
0.000000000000000000e+00
0.000000000000000000e+00
0.000000000000000000e+00
0.000000000000000000e+00
-6.911496566937655288e-03
0.000000000000000000e+00
0.000000000000000000e+00
0.000000000000000000e+00
0.000000000000000000e+00
0.000000000000000000e+00
0.000000000000000000e+00
6.911496566937655288e-03
0.000000000000000000e+00
0.000000000000000000e+00
0.000000000000000000e+00
1.115813812152427031e+00
2.566839858101028771e-01
9.372166405151300089e-18
0.000000000000000000e+00
0.000000000000000000e+00
4.168593670237249332e-02
4.168593670237249332e-02
2.566839858101028771e-01
8.170226053209140860e-01
3.987599109948829860e-18
0.000000000000000000e+00
0.000000000000000000e+00
2.626353841805172951e-01
2.626353841805172951e-01
9.372166405151300089e-18
3.987599109948829860e-18
7.852702031382772230e-01
0.000000000000000000e+00
0.000000000000000000e+00
1.262107657231665847e-01
1.262107657231665847e-01
0.000000000000000000e+00
0.000000000000000000e+00
0.000000000000000000e+00
7.852702031382772230e-01
0.000000000000000000e+00
0.000000000000000000e+00
0.000000000000000000e+00
0.000000000000000000e+00
0.000000000000000000e+00
0.000000000000000000e+00
0.000000000000000000e+00
8.801590933750446100e-01
-1.753654066139232748e-01
1.753654066139232748e-01
4.168593670237252108e-02
2.626353841805172395e-01
1.262107657231665847e-01
0.000000000000000000e+00
-1.753654066139232748e-01
4.697620752315291304e-01
9.580679921804077792e-02
4.168593670237252108e-02
2.626353841805172395e-01
1.262107657231665847e-01
0.000000000000000000e+00
1.753654066139232748e-01
9.580679921804077792e-02
4.697620752315291304e-01
-1.835385518200434996e-01
-4.319773220896042792e-02
-1.744920642724562222e-03
0.000000000000000000e+00
9.644727851488500009e-03
-7.487639190512761743e-03
-6.661609785430712416e-03
-4.319773220896041405e-02
-1.639104346669746082e-01
-1.570975508873897683e-02
0.000000000000000000e+00
6.401210935187487405e-02
-7.987620263172910684e-02
-4.424167998605485486e-02
-1.744920642724562222e-03
-1.570975508873897683e-02
-1.596061812623200682e-01
0.000000000000000000e+00
9.282754556279356611e-03
-4.746038900839202185e-02
-2.532014545956347285e-02
0.000000000000000000e+00
0.000000000000000000e+00
0.000000000000000000e+00
-1.565725260289737020e-01
0.000000000000000000e+00
0.000000000000000000e+00
0.000000000000000000e+00
9.644727851488500009e-03
6.401210935187487405e-02
9.282754556279356611e-03
0.000000000000000000e+00
-1.753654066139232748e-01
7.510320023522251698e-02
-1.309973706353158990e-02
-7.487639190512760876e-03
-7.987620263172910684e-02
-4.746038900839202185e-02
0.000000000000000000e+00
7.510320023522251698e-02
-2.066900146385730330e-01
-2.568518904749423140e-02
-6.661609785430711549e-03
-4.424167998605484792e-02
-2.532014545956347285e-02
0.000000000000000000e+00
-1.309973706353158990e-02
-2.568518904749422793e-02
-7.361541286157835540e-02
1.835385518200434996e-01
4.319773220896042792e-02
1.744920642724562222e-03
0.000000000000000000e+00
9.644727851488500009e-03
6.661609785430712416e-03
7.487639190512761743e-03
4.319773220896041405e-02
1.639104346669746082e-01
1.570975508873897683e-02
0.000000000000000000e+00
6.401210935187487405e-02
4.424167998605485486e-02
7.987620263172910684e-02
1.744920642724562222e-03
1.570975508873897683e-02
1.596061812623200682e-01
0.000000000000000000e+00
9.282754556279356611e-03
2.532014545956347285e-02
4.746038900839202185e-02
0.000000000000000000e+00
0.000000000000000000e+00
0.000000000000000000e+00
1.565725260289737020e-01
0.000000000000000000e+00
0.000000000000000000e+00
0.000000000000000000e+00
9.644727851488500009e-03
6.401210935187487405e-02
9.282754556279356611e-03
0.000000000000000000e+00
1.753654066139232748e-01
-1.309973706353158990e-02
7.510320023522251698e-02
6.661609785430711549e-03
4.424167998605484792e-02
2.532014545956347285e-02
0.000000000000000000e+00
-1.309973706353158990e-02
7.361541286157835540e-02
2.568518904749422793e-02
7.487639190512760876e-03
7.987620263172910684e-02
4.746038900839202185e-02
0.000000000000000000e+00
7.510320023522251698e-02
2.568518904749423140e-02
2.066900146385730330e-01
1.217853248637984775e-01
2.230923157610224805e-02
6.307982812514444570e-04
0.000000000000000000e+00
-8.073849816895616385e-04
3.683106477632332350e-03
3.626345580010017881e-03
2.230923157610224805e-02
4.161161397159063302e-02
1.186860927533646545e-03
0.000000000000000000e+00
-1.519112712773604875e-03
1.212161315367730856e-02
1.173808188405640884e-02
6.307982812514444570e-04
1.186860927533646545e-03
4.162517612304236780e-02
0.000000000000000000e+00
-1.218486865439652494e-04
5.849984876016017452e-03
5.670570277520299921e-03
0.000000000000000000e+00
0.000000000000000000e+00
0.000000000000000000e+00
4.152997749563683283e-02
0.000000000000000000e+00
0.000000000000000000e+00
0.000000000000000000e+00
-8.073849816895616385e-04
-1.519112712773604875e-03
-1.218486865439652494e-04
0.000000000000000000e+00
4.168593670237252108e-02
-7.487639190512760876e-03
6.661609785430711549e-03
3.683106477632332783e-03
1.212161315367730856e-02
5.849984876016017452e-03
0.000000000000000000e+00
-7.487639190512760876e-03
1.864108034713925222e-02
4.091765607313312299e-03
3.626345580010017881e-03
1.173808188405640884e-02
5.670570277520299921e-03
0.000000000000000000e+00
6.661609785430711549e-03
4.091765607313312299e-03
1.789092561139949550e-02
3.133340853222091882e-01
7.284009844129601952e-02
3.372937155042237626e-03
0.000000000000000000e+00
-4.317162687509434188e-03
1.212161315367730682e-02
1.173808188405640711e-02
7.284009844129601952e-02
2.588844533582230767e-01
2.638759894284222959e-02
0.000000000000000000e+00
-3.377458646055781638e-02
1.038165329883784793e-01
8.280528836057908515e-02
3.372937155042237626e-03
2.638759894284222959e-02
2.594094016005070724e-01
0.000000000000000000e+00
-6.469354711911793482e-03
6.240612901610802232e-02
4.836074510212866329e-02
0.000000000000000000e+00
0.000000000000000000e+00
0.000000000000000000e+00
2.543549877513169299e-01
0.000000000000000000e+00
0.000000000000000000e+00
0.000000000000000000e+00
-4.317162687509434188e-03
-3.377458646055781638e-02
-6.469354711911793482e-03
0.000000000000000000e+00
2.626353841805172395e-01
-7.987620263172910684e-02
4.424167998605484792e-02
1.212161315367730856e-02
1.038165329883784793e-01
6.240612901610802232e-02
0.000000000000000000e+00
-7.987620263172910684e-02
2.354209129369582987e-01
3.841547271868137742e-02
1.173808188405641058e-02
8.280528836057907127e-02
4.836074510212866329e-02
0.000000000000000000e+00
4.424167998605484792e-02
3.841547271868137742e-02
1.519245580997007350e-01
1.433960324468583902e-01
3.374976727254708209e-02
8.774612693547794925e-03
0.000000000000000000e+00
-1.744920642724560053e-03
5.849984876016017452e-03
5.670570277520299921e-03
3.374976727254708209e-02
1.280608666397757001e-01
5.617834562901335982e-02
0.000000000000000000e+00
-1.570975508873897336e-02
6.240612901610800844e-02
4.836074510212867023e-02
8.774612693547794925e-03
5.617834562901335982e-02
1.354977211726743624e-01
0.000000000000000000e+00
-9.945151800284041457e-03
5.143679222397690154e-02
3.885786117332194756e-02
0.000000000000000000e+00
0.000000000000000000e+00
0.000000000000000000e+00
1.223278640922861316e-01
0.000000000000000000e+00
0.000000000000000000e+00
0.000000000000000000e+00
-1.744920642724560053e-03
-1.570975508873897336e-02
-9.945151800284041457e-03
0.000000000000000000e+00
1.262107657231665847e-01
-4.746038900839202879e-02
2.532014545956347285e-02
5.849984876016017452e-03
6.240612901610802232e-02
5.143679222397690154e-02
0.000000000000000000e+00
-4.746038900839202879e-02
1.614839375795802667e-01
2.597444252567932682e-02
5.670570277520299921e-03
4.836074510212866329e-02
3.885786117332194756e-02
0.000000000000000000e+00
2.532014545956347285e-02
2.597444252567932682e-02
9.675215931228593746e-02
0.000000000000000000e+00
0.000000000000000000e+00
0.000000000000000000e+00
7.411331275992227505e-03
0.000000000000000000e+00
0.000000000000000000e+00
0.000000000000000000e+00
0.000000000000000000e+00
0.000000000000000000e+00
0.000000000000000000e+00
4.390453978224082010e-02
0.000000000000000000e+00
0.000000000000000000e+00
0.000000000000000000e+00
0.000000000000000000e+00
0.000000000000000000e+00
0.000000000000000000e+00
5.399852925398913005e-03
0.000000000000000000e+00
0.000000000000000000e+00
0.000000000000000000e+00
7.411331275992227505e-03
4.390453978224082010e-02
5.399852925398913005e-03
0.000000000000000000e+00
-6.911496566937655288e-03
1.435667246330278243e-02
1.103388859116821892e-02
0.000000000000000000e+00
0.000000000000000000e+00
0.000000000000000000e+00
-6.911496566937655288e-03
0.000000000000000000e+00
0.000000000000000000e+00
0.000000000000000000e+00
0.000000000000000000e+00
0.000000000000000000e+00
0.000000000000000000e+00
1.435667246330278243e-02
0.000000000000000000e+00
0.000000000000000000e+00
0.000000000000000000e+00
0.000000000000000000e+00
0.000000000000000000e+00
0.000000000000000000e+00
1.103388859116821892e-02
0.000000000000000000e+00
0.000000000000000000e+00
0.000000000000000000e+00
-1.835385518200434996e-01
-4.319773220896042792e-02
-1.744920642724562222e-03
0.000000000000000000e+00
9.644727851488500009e-03
-7.487639190512761743e-03
-6.661609785430712416e-03
-4.319773220896041405e-02
-1.639104346669746082e-01
-1.570975508873897683e-02
0.000000000000000000e+00
6.401210935187487405e-02
-7.987620263172910684e-02
-4.424167998605485486e-02
-1.744920642724562222e-03
-1.570975508873897683e-02
-1.596061812623200682e-01
0.000000000000000000e+00
9.282754556279356611e-03
-4.746038900839202185e-02
-2.532014545956347285e-02
0.000000000000000000e+00
0.000000000000000000e+00
0.000000000000000000e+00
-1.565725260289737020e-01
0.000000000000000000e+00
0.000000000000000000e+00
0.000000000000000000e+00
9.644727851488500009e-03
6.401210935187487405e-02
9.282754556279356611e-03
0.000000000000000000e+00
-1.753654066139232748e-01
7.510320023522251698e-02
-1.309973706353158990e-02
-7.487639190512760876e-03
-7.987620263172910684e-02
-4.746038900839202185e-02
0.000000000000000000e+00
7.510320023522251698e-02
-2.066900146385730330e-01
-2.568518904749423140e-02
-6.661609785430711549e-03
-4.424167998605484792e-02
-2.532014545956347285e-02
0.000000000000000000e+00
-1.309973706353158990e-02
-2.568518904749422793e-02
-7.361541286157835540e-02
4.707232938531984434e-01
1.111917993079557382e-01
6.340467842811296252e-03
0.000000000000000000e+00
-8.115428759595607819e-03
1.864108034713925222e-02
1.789092561139949550e-02
1.111917993079557382e-01
4.546606353296093195e-01
6.941740980955131424e-02
0.000000000000000000e+00
-8.885023281425290242e-02
2.354209129369582987e-01
1.519245580997007072e-01
6.340467842811296252e-03
6.941740980955131424e-02
4.569008819230879759e-01
0.000000000000000000e+00
-2.579171445200737628e-02
1.614839375795802667e-01
9.675215931228593746e-02
0.000000000000000000e+00
0.000000000000000000e+00
0.000000000000000000e+00
4.367501861387690365e-01
0.000000000000000000e+00
0.000000000000000000e+00
0.000000000000000000e+00
-8.115428759595607819e-03
-8.885023281425290242e-02
-2.579171445200737628e-02
0.000000000000000000e+00
4.697620752315291304e-01
-2.066900146385730330e-01
7.361541286157835540e-02
1.864108034713925222e-02
2.354209129369583264e-01
1.614839375795802667e-01
0.000000000000000000e+00
-2.066900146385730330e-01
7.746059439198978991e-01
9.135368503680466046e-02
1.789092561139949550e-02
1.519245580997007350e-01
9.675215931228593746e-02
0.000000000000000000e+00
7.361541286157835540e-02
9.135368503680466046e-02
3.025378888324874449e-01
1.058644174502050006e-01
2.484760767382717533e-02
1.780484644803471397e-03
0.000000000000000000e+00
0.000000000000000000e+00
4.091765607313312299e-03
4.091765607313312299e-03
2.484760767382717533e-02
9.619306430684818054e-02
1.673836992162141754e-02
0.000000000000000000e+00
7.589415207398531038e-19
3.841547271868137742e-02
3.841547271868137742e-02
1.780484644803471397e-03
1.673836992162141754e-02
9.876232753330500824e-02
0.000000000000000000e+00
-1.626303258728256651e-19
2.597444252567932682e-02
2.597444252567932682e-02
0.000000000000000000e+00
0.000000000000000000e+00
0.000000000000000000e+00
9.390377006591817122e-02
0.000000000000000000e+00
0.000000000000000000e+00
0.000000000000000000e+00
0.000000000000000000e+00
7.589415207398531038e-19
-1.626303258728256651e-19
0.000000000000000000e+00
9.580679921804077792e-02
-2.568518904749423140e-02
2.568518904749422793e-02
4.091765607313312299e-03
3.841547271868137742e-02
2.597444252567932682e-02
0.000000000000000000e+00
-2.568518904749423140e-02
9.135368503680466046e-02
1.786131923709707511e-02
4.091765607313312299e-03
3.841547271868137742e-02
2.597444252567932682e-02
0.000000000000000000e+00
2.568518904749422793e-02
1.786131923709707511e-02
9.135368503680466046e-02
1.217853248637984775e-01
2.230923157610224805e-02
6.307982812514444570e-04
0.000000000000000000e+00
8.073849816895616385e-04
3.626345580010017881e-03
3.683106477632332350e-03
2.230923157610224805e-02
4.161161397159063302e-02
1.186860927533646545e-03
0.000000000000000000e+00
1.519112712773604875e-03
1.173808188405640884e-02
1.212161315367730856e-02
6.307982812514444570e-04
1.186860927533646545e-03
4.162517612304236780e-02
0.000000000000000000e+00
1.218486865439652494e-04
5.670570277520299921e-03
5.849984876016017452e-03
0.000000000000000000e+00
0.000000000000000000e+00
0.000000000000000000e+00
4.152997749563683283e-02
0.000000000000000000e+00
0.000000000000000000e+00
0.000000000000000000e+00
8.073849816895616385e-04
1.519112712773604875e-03
1.218486865439652494e-04
0.000000000000000000e+00
4.168593670237252108e-02
-6.661609785430711549e-03
7.487639190512760876e-03
3.626345580010017881e-03
1.173808188405640884e-02
5.670570277520299921e-03
0.000000000000000000e+00
-6.661609785430711549e-03
1.789092561139949550e-02
4.091765607313312299e-03
3.683106477632332783e-03
1.212161315367730856e-02
5.849984876016017452e-03
0.000000000000000000e+00
7.487639190512760876e-03
4.091765607313312299e-03
1.864108034713925222e-02
3.133340853222091882e-01
7.284009844129601952e-02
3.372937155042237626e-03
0.000000000000000000e+00
4.317162687509434188e-03
1.173808188405640711e-02
1.212161315367730682e-02
7.284009844129601952e-02
2.588844533582230767e-01
2.638759894284222959e-02
0.000000000000000000e+00
3.377458646055781638e-02
8.280528836057908515e-02
1.038165329883784793e-01
3.372937155042237626e-03
2.638759894284222959e-02
2.594094016005070724e-01
0.000000000000000000e+00
6.469354711911793482e-03
4.836074510212866329e-02
6.240612901610802232e-02
0.000000000000000000e+00
0.000000000000000000e+00
0.000000000000000000e+00
2.543549877513169299e-01
0.000000000000000000e+00
0.000000000000000000e+00
0.000000000000000000e+00
4.317162687509434188e-03
3.377458646055781638e-02
6.469354711911793482e-03
0.000000000000000000e+00
2.626353841805172395e-01
-4.424167998605484792e-02
7.987620263172910684e-02
1.173808188405641058e-02
8.280528836057907127e-02
4.836074510212866329e-02
0.000000000000000000e+00
-4.424167998605484792e-02
1.519245580997007350e-01
3.841547271868137742e-02
1.212161315367730856e-02
1.038165329883784793e-01
6.240612901610802232e-02
0.000000000000000000e+00
7.987620263172910684e-02
3.841547271868137742e-02
2.354209129369582987e-01
1.433960324468583902e-01
3.374976727254708209e-02
8.774612693547794925e-03
0.000000000000000000e+00
1.744920642724560053e-03
5.670570277520299921e-03
5.849984876016017452e-03
3.374976727254708209e-02
1.280608666397757001e-01
5.617834562901335982e-02
0.000000000000000000e+00
1.570975508873897336e-02
4.836074510212867023e-02
6.240612901610800844e-02
8.774612693547794925e-03
5.617834562901335982e-02
1.354977211726743624e-01
0.000000000000000000e+00
9.945151800284041457e-03
3.885786117332194756e-02
5.143679222397690154e-02
0.000000000000000000e+00
0.000000000000000000e+00
0.000000000000000000e+00
1.223278640922861316e-01
0.000000000000000000e+00
0.000000000000000000e+00
0.000000000000000000e+00
1.744920642724560053e-03
1.570975508873897336e-02
9.945151800284041457e-03
0.000000000000000000e+00
1.262107657231665847e-01
-2.532014545956347285e-02
4.746038900839202879e-02
5.670570277520299921e-03
4.836074510212866329e-02
3.885786117332194756e-02
0.000000000000000000e+00
-2.532014545956347285e-02
9.675215931228593746e-02
2.597444252567932682e-02
5.849984876016017452e-03
6.240612901610802232e-02
5.143679222397690154e-02
0.000000000000000000e+00
4.746038900839202879e-02
2.597444252567932682e-02
1.614839375795802667e-01
0.000000000000000000e+00
0.000000000000000000e+00
0.000000000000000000e+00
7.411331275992227505e-03
0.000000000000000000e+00
0.000000000000000000e+00
0.000000000000000000e+00
0.000000000000000000e+00
0.000000000000000000e+00
0.000000000000000000e+00
4.390453978224082010e-02
0.000000000000000000e+00
0.000000000000000000e+00
0.000000000000000000e+00
0.000000000000000000e+00
0.000000000000000000e+00
0.000000000000000000e+00
5.399852925398913005e-03
0.000000000000000000e+00
0.000000000000000000e+00
0.000000000000000000e+00
7.411331275992227505e-03
4.390453978224082010e-02
5.399852925398913005e-03
0.000000000000000000e+00
6.911496566937655288e-03
1.103388859116821892e-02
1.435667246330278243e-02
0.000000000000000000e+00
0.000000000000000000e+00
0.000000000000000000e+00
6.911496566937655288e-03
0.000000000000000000e+00
0.000000000000000000e+00
0.000000000000000000e+00
0.000000000000000000e+00
0.000000000000000000e+00
0.000000000000000000e+00
1.103388859116821892e-02
0.000000000000000000e+00
0.000000000000000000e+00
0.000000000000000000e+00
0.000000000000000000e+00
0.000000000000000000e+00
0.000000000000000000e+00
1.435667246330278243e-02
0.000000000000000000e+00
0.000000000000000000e+00
0.000000000000000000e+00
1.835385518200434996e-01
4.319773220896042792e-02
1.744920642724562222e-03
0.000000000000000000e+00
9.644727851488500009e-03
6.661609785430712416e-03
7.487639190512761743e-03
4.319773220896041405e-02
1.639104346669746082e-01
1.570975508873897683e-02
0.000000000000000000e+00
6.401210935187487405e-02
4.424167998605485486e-02
7.987620263172910684e-02
1.744920642724562222e-03
1.570975508873897683e-02
1.596061812623200682e-01
0.000000000000000000e+00
9.282754556279356611e-03
2.532014545956347285e-02
4.746038900839202185e-02
0.000000000000000000e+00
0.000000000000000000e+00
0.000000000000000000e+00
1.565725260289737020e-01
0.000000000000000000e+00
0.000000000000000000e+00
0.000000000000000000e+00
9.644727851488500009e-03
6.401210935187487405e-02
9.282754556279356611e-03
0.000000000000000000e+00
1.753654066139232748e-01
-1.309973706353158990e-02
7.510320023522251698e-02
6.661609785430711549e-03
4.424167998605484792e-02
2.532014545956347285e-02
0.000000000000000000e+00
-1.309973706353158990e-02
7.361541286157835540e-02
2.568518904749422793e-02
7.487639190512760876e-03
7.987620263172910684e-02
4.746038900839202185e-02
0.000000000000000000e+00
7.510320023522251698e-02
2.568518904749423140e-02
2.066900146385730330e-01
1.058644174502050006e-01
2.484760767382717533e-02
1.780484644803471397e-03
0.000000000000000000e+00
0.000000000000000000e+00
4.091765607313312299e-03
4.091765607313312299e-03
2.484760767382717533e-02
9.619306430684818054e-02
1.673836992162141754e-02
0.000000000000000000e+00
-7.589415207398531038e-19
3.841547271868137742e-02
3.841547271868137742e-02
1.780484644803471397e-03
1.673836992162141754e-02
9.876232753330500824e-02
0.000000000000000000e+00
1.626303258728256651e-19
2.597444252567932682e-02
2.597444252567932682e-02
0.000000000000000000e+00
0.000000000000000000e+00
0.000000000000000000e+00
9.390377006591817122e-02
0.000000000000000000e+00
0.000000000000000000e+00
0.000000000000000000e+00
0.000000000000000000e+00
-7.589415207398531038e-19
1.626303258728256651e-19
0.000000000000000000e+00
9.580679921804077792e-02
-2.568518904749422793e-02
2.568518904749423140e-02
4.091765607313312299e-03
3.841547271868137742e-02
2.597444252567932682e-02
0.000000000000000000e+00
-2.568518904749422793e-02
9.135368503680466046e-02
1.786131923709707511e-02
4.091765607313312299e-03
3.841547271868137742e-02
2.597444252567932682e-02
0.000000000000000000e+00
2.568518904749423140e-02
1.786131923709707511e-02
9.135368503680466046e-02
4.707232938531984434e-01
1.111917993079557382e-01
6.340467842811296252e-03
0.000000000000000000e+00
8.115428759595607819e-03
1.789092561139949550e-02
1.864108034713925222e-02
1.111917993079557382e-01
4.546606353296093195e-01
6.941740980955131424e-02
0.000000000000000000e+00
8.885023281425290242e-02
1.519245580997007072e-01
2.354209129369582987e-01
6.340467842811296252e-03
6.941740980955131424e-02
4.569008819230879759e-01
0.000000000000000000e+00
2.579171445200737628e-02
9.675215931228593746e-02
1.614839375795802667e-01
0.000000000000000000e+00
0.000000000000000000e+00
0.000000000000000000e+00
4.367501861387690365e-01
0.000000000000000000e+00
0.000000000000000000e+00
0.000000000000000000e+00
8.115428759595607819e-03
8.885023281425290242e-02
2.579171445200737628e-02
0.000000000000000000e+00
4.697620752315291304e-01
-7.361541286157835540e-02
2.066900146385730330e-01
1.789092561139949550e-02
1.519245580997007350e-01
9.675215931228593746e-02
0.000000000000000000e+00
-7.361541286157835540e-02
3.025378888324874449e-01
9.135368503680466046e-02
1.864108034713925222e-02
2.354209129369583264e-01
1.614839375795802667e-01
0.000000000000000000e+00
2.066900146385730330e-01
9.135368503680466046e-02
7.746059439198978991e-01
