-3.257739533913763097e+01
-7.578832799256201902e+00
-1.447383369276372157e-02
0.000000000000000000e+00
0.000000000000000000e+00
-1.240102005977337107e+00
-1.240102005977337107e+00
-7.578832799256201902e+00
-9.200943201709682384e+00
-1.768902224485459362e-01
0.000000000000000000e+00
0.000000000000000000e+00
-2.906709387980278336e+00
-2.906709387980278336e+00
-1.447383369276372157e-02
-1.768902224485459362e-01
-7.415311682586291475e+00
0.000000000000000000e+00
0.000000000000000000e+00
-1.356868089075067507e+00
-1.356868089075067507e+00
0.000000000000000000e+00
0.000000000000000000e+00
0.000000000000000000e+00
-7.347144809068283600e+00
0.000000000000000000e+00
0.000000000000000000e+00
0.000000000000000000e+00
0.000000000000000000e+00
0.000000000000000000e+00
0.000000000000000000e+00
0.000000000000000000e+00
-7.458819229270084783e+00
1.675149944035438709e+00
-1.675149944035438709e+00
-1.240102005977337107e+00
-2.906709387980278336e+00
-1.356868089075067507e+00
0.000000000000000000e+00
1.675149944035438709e+00
-4.540170785922236441e+00
-1.071145619171806507e+00
-1.240102005977337107e+00
-2.906709387980278336e+00
-1.356868089075067507e+00
0.000000000000000000e+00
-1.675149944035438709e+00
-1.071145619171806507e+00
-4.540170785922236441e+00
