1.000000000000000000e+00
2.367039365108475901e-01
1.955538864922807190e-17
0.000000000000000000e+00
0.000000000000000000e+00
3.840559210685770553e-02
3.840559210685770553e-02
2.367039365108475901e-01
1.000000000000000000e+00
-2.467445443080188310e-17
0.000000000000000000e+00
0.000000000000000000e+00
3.861387914947654321e-01
3.861387914947654321e-01
1.955538864922807190e-17
-2.467445443080188310e-17
9.999999999999997780e-01
0.000000000000000000e+00
0.000000000000000000e+00
2.097269216146880610e-01
2.097269216146880610e-01
0.000000000000000000e+00
0.000000000000000000e+00
0.000000000000000000e+00
9.999999999999997780e-01
0.000000000000000000e+00
0.000000000000000000e+00
0.000000000000000000e+00
0.000000000000000000e+00
0.000000000000000000e+00
0.000000000000000000e+00
0.000000000000000000e+00
9.999999999999997780e-01
-2.684382183663335808e-01
2.684382183663335808e-01
3.840559210685770553e-02
3.861387914947654321e-01
2.097269216146880610e-01
0.000000000000000000e+00
-2.684382183663335808e-01
1.000000000000000000e+00
1.817598495585266982e-01
3.840559210685770553e-02
3.861387914947654321e-01
2.097269216146880610e-01
0.000000000000000000e+00
2.684382183663335808e-01
1.817598495585266982e-01
1.000000000000000000e+00
